010100
010200
010300
010400
010500
010600
010700
010800
010900
011000
011100
011200
011300
011400
011500
011600
011700
011800
011900
012000
012100
012200
012300
012400
012500
012600
012700
012800
012900
013000
013100
020100
020200
020300
020400
020500
020600
020700
020800
020900
021000
021100
021200
021300
021400
021500
021600
021700
021800
021900
022000
022100
022200
022300
022400
022500
022600
022700
022800
022900
023000
023100
030100
030200
030300
030400
030500
030600
030700
030800
030900
031000
031100
031200
031300
031400
031500
031600
031700
031800
031900
032000
032100
032200
032300
032400
032500
032600
032700
032800
032900
033000
033100
040100
040200
040300
040400
040500
040600
040700
040800
040900
041000
041100
041200
041300
041400
041500
041600
041700
041800
041900
042000
042100
042200
042300
042400
042500
042600
042700
042800
042900
043000
043100
050100
050200
050300
050400
050500
050600
050700
050800
050900
051000
051100
051200
051300
051400
051500
051600
051700
051800
051900
052000
052100
052200
052300
052400
052500
052600
052700
052800
052900
053000
053100
060100
060200
060300
060400
060500
060600
060700
060800
060900
061000
061100
061200
061300
061400
061500
061600
061700
061800
061900
062000
062100
062200
062300
062400
062500
062600
062700
062800
062900
063000
063100
070100
070200
070300
070400
070500
070600
070700
070800
070900
071000
071100
071200
071300
071400
071500
071600
071700
071800
071900
072000
072100
072200
072300
072400
072500
072600
072700
072800
072900
073000
073100
080100
080200
080300
080400
080500
080600
080700
080800
080900
081000
081100
081200
081300
081400
081500
081600
081700
081800
081900
082000
082100
082200
082300
082400
082500
082600
082700
082800
082900
083000
083100
090100
090200
090300
090400
090500
090600
090700
090800
090900
091000
091100
091200
091300
091400
091500
091600
091700
091800
091900
092000
092100
092200
092300
092400
092500
092600
092700
092800
092900
093000
093100
100100
100200
100300
100400
100500
100600
100700
100800
100900
101000
101100
101200
101300
101400
101500
101600
101700
101800
101900
102000
102100
102200
102300
102400
102500
102600
102700
102800
102900
103000
103100
110100
110200
110300
110400
110500
110600
110700
110800
110900
111000
111100
111200
111300
111400
111500
111600
111700
111800
111900
112000
112100
112200
112300
112400
112500
112600
112700
112800
112900
113000
113100
120100
120200
120300
120400
120500
120600
120700
120800
120900
121000
121100
121200
121300
121400
121500
121600
121700
121800
121900
122000
122100
122200
122300
122400
122500
122600
122700
122800
122900
123000
123100
130100
130200
130300
130400
130500
130600
130700
130800
130900
131000
131100
131200
131300
