0101000000
0102000000
0103000000
0104000000
0105000000
0106000000
0107000000
0108000000
0109000000
0110000000
0111000000
0112000000
0113000000
0114000000
0115000000
0116000000
0117000000
0118000000
0119000000
0120000000
0121000000
0122000000
0123000000
0124000000
0125000000
0126000000
0127000000
0128000000
0129000000
0130000000
0131000000
0201000000
0202000000
0203000000
0204000000
0205000000
0206000000
0207000000
0208000000
0209000000
0210000000
0211000000
0212000000
0213000000
0214000000
0215000000
0216000000
0217000000
0218000000
0219000000
0220000000
0221000000
0222000000
0223000000
0224000000
0225000000
0226000000
0227000000
0228000000
0229000000
0230000000
0231000000
0301000000
0302000000
0303000000
0304000000
0305000000
0306000000
0307000000
0308000000
0309000000
0310000000
0311000000
0312000000
0313000000
0314000000
0315000000
0316000000
0317000000
0318000000
0319000000
0320000000
0321000000
0322000000
0323000000
0324000000
0325000000
0326000000
0327000000
0328000000
0329000000
0330000000
0331000000
0401000000
0402000000
0403000000
0404000000
0405000000
0406000000
0407000000
0408000000
0409000000
0410000000
0411000000
0412000000
0413000000
0414000000
0415000000
0416000000
0417000000
0418000000
0419000000
0420000000
0421000000
0422000000
0423000000
0424000000
0425000000
0426000000
0427000000
0428000000
0429000000
0430000000
0431000000
0501000000
0502000000
0503000000
0504000000
0505000000
0506000000
0507000000
0508000000
0509000000
0510000000
0511000000
0512000000
0513000000
0514000000
0515000000
0516000000
0517000000
0518000000
0519000000
0520000000
0521000000
0522000000
0523000000
0524000000
0525000000
0526000000
0527000000
0528000000
0529000000
0530000000
0531000000
0601000000
0602000000
0603000000
0604000000
0605000000
0606000000
0607000000
0608000000
0609000000
0610000000
0611000000
0612000000
0613000000
0614000000
0615000000
0616000000
0617000000
0618000000
0619000000
0620000000
0621000000
0622000000
0623000000
0624000000
0625000000
0626000000
0627000000
0628000000
0629000000
0630000000
0631000000
0701000000
0702000000
0703000000
0704000000
0705000000
0706000000
0707000000
0708000000
0709000000
0710000000
0711000000
0712000000
0713000000
0714000000
0715000000
0716000000
0717000000
0718000000
0719000000
0720000000
0721000000
0722000000
0723000000
0724000000
0725000000
0726000000
0727000000
0728000000
0729000000
0730000000
0731000000
0801000000
0802000000
0803000000
0804000000
0805000000
0806000000
0807000000
0808000000
0809000000
0810000000
0811000000
0812000000
0813000000
0814000000
0815000000
0816000000
0817000000
0818000000
0819000000
0820000000
0821000000
0822000000
0823000000
0824000000
0825000000
0826000000
0827000000
0828000000
0829000000
0830000000
0831000000
0901000000
0902000000
0903000000
0904000000
0905000000
0906000000
0907000000
0908000000
0909000000
0910000000
0911000000
0912000000
0913000000
0914000000
0915000000
0916000000
0917000000
0918000000
0919000000
0920000000
0921000000
0922000000
0923000000
0924000000
0925000000
0926000000
0927000000
0928000000
0929000000
0930000000
0931000000
1001000000
1002000000
1003000000
1004000000
1005000000
1006000000
1007000000
1008000000
1009000000
1010000000
1011000000
1012000000
1013000000
1014000000
1015000000
1016000000
1017000000
1018000000
1019000000
1020000000
1021000000
1022000000
1023000000
1024000000
1025000000
1026000000
1027000000
1028000000
1029000000
1030000000
1031000000
1101000000
1102000000
1103000000
1104000000
1105000000
1106000000
1107000000
1108000000
1109000000
1110000000
1111000000
1112000000
1113000000
1114000000
1115000000
1116000000
1117000000
1118000000
1119000000
1120000000
1121000000
1122000000
1123000000
1124000000
1125000000
1126000000
1127000000
1128000000
1129000000
1130000000
1131000000
1201000000
1202000000
1203000000
1204000000
1205000000
1206000000
1207000000
1208000000
1209000000
1210000000
1211000000
1212000000
1213000000
1214000000
1215000000
1216000000
1217000000
1218000000
1219000000
1220000000
1221000000
1222000000
1223000000
1224000000
1225000000
1226000000
1227000000
1228000000
1229000000
1230000000
1231000000
1301000000
1302000000
1303000000
1304000000
1305000000
1306000000
1307000000
1308000000
1309000000
1310000000
1311000000
1312000000
1313000000
