Mois	jour	fruit	racine	fleur	feuille	NL	PL	Perigee	Nœud	montante	Descendante
1	1	0	0	0	0	1	0	1	0	0	0
1	2	0	0	0	0	0	0	0	0	0	0
1	3	0	0	0	0	0	0	0	0	0	0
1	4	0	0	0	0	0	0	0	0	0	0
1	5	0	0	0	0	0	0	0	0	0	0
1	6	0	0	0	0	0	0	0	0	0	0
1	7	0	0	0	0	0	0	0	0	0	0
1	8	0	0	0	0	0	0	0	0	0	0
1	9	0	0	0	0	0	0	0	1	0	0
1	10	0	0	0	0	0	0	0	0	0	0
1	11	0	0	0	0	0	0	0	0	0	0
1	12	0	0	0	0	0	0	0	0	0	0
1	13	0	0	0	0	0	0	0	0	0	1
1	14	0	0	0	0	0	0	0	0	0	1
1	15	0	0	0	0	0	0	0	0	0	1
1	16	0	0	0	0	0	1	0	0	0	1
1	17	0	0	0	0	0	0	0	0	0	1
1	18	0	0	0	0	0	0	0	0	0	1
1	19	0	0	0	0	0	0	0	0	0	1
1	20	0	0	0	0	0	0	0	0	0	1
1	21	0	0	0	0	0	0	0	0	0	1
1	22	0	0	0	0	0	0	0	0	0	1
1	23	0	0	0	0	0	0	0	0	0	1
1	24	0	0	0	0	0	0	0	1	0	1
1	25	0	0	0	0	0	0	0	0	0	1
1	26	0	0	0	0	0	0	0	0	0	1
1	27	0	0	0	0	0	0	0	0	1	0
1	28	0	0	0	0	0	0	0	0	0	0
1	29	0	0	0	0	0	0	0	0	0	0
1	30	0	0	0	0	1	0	1	0	0	0
1	31	0	0	0	0	0	0	0	0	0	0
2	1	0	0	0	0	0	0	0	0	0	0
2	2	0	0	0	0	0	0	0	0	0	0
2	3	0	0	0	0	0	0	0	0	0	0
2	4	0	0	0	0	0	0	0	0	0	0
2	5	0	0	0	0	0	0	0	1	0	0
2	6	0	0	0	0	0	0	0	0	0	0
2	7	0	0	0	0	0	0	0	0	0	0
2	8	0	0	0	0	0	0	0	0	0	0
2	9	0	0	0	0	0	0	0	0	0	0
2	10	0	0	0	0	0	0	0	0	0	0
2	11	0	0	0	0	0	0	0	0	0	0
2	12	0	0	0	0	0	0	0	0	0	0
2	13	0	0	0	0	0	0	0	0	0	0
2	14	0	0	0	0	0	0	0	0	0	0
2	15	0	0	0	0	0	1	0	0	0	0
2	16	0	0	0	0	0	0	0	0	0	0
2	17	0	0	0	0	0	0	0	0	0	0
2	18	0	0	0	0	0	0	0	0	0	0
2	19	0	0	0	0	0	0	0	0	0	0
2	20	0	0	0	0	0	0	0	1	0	0
2	21	0	0	0	0	0	0	0	0	0	0
2	22	0	0	0	0	0	0	0	0	0	0
2	23	0	0	0	0	0	0	0	0	0	0
2	24	0	0	0	0	0	0	0	0	0	0
2	25	0	0	0	0	0	0	0	0	0	0
2	26	0	0	0	0	0	0	0	0	0	0
2	27	0	0	0	0	0	0	1	0	0	0
2	28	0	0	0	0	0	0	0	0	0	0
2	29	0	0	0	0	0	0	0	0	0	0
2	30	0	0	0	0	0	0	0	0	0	0
2	31	0	0	0	0	0	0	0	0	0	0
3	1	0	0	0	0	1	0	0	0	0	0
3	2	0	0	0	0	0	0	0	0	0	0
3	3	0	0	0	0	0	0	0	0	0	0
3	4	0	0	0	0	0	0	0	1	0	0
3	5	0	0	0	0	0	0	0	0	0	0
3	6	0	0	0	0	0	0	0	0	0	0
3	7	0	0	0	0	0	0	0	0	0	0
3	8	0	0	0	0	0	0	0	0	0	0
3	9	0	0	0	0	0	0	0	0	0	0
3	10	0	0	0	0	0	0	0	0	0	0
3	11	0	0	0	0	0	0	0	0	0	0
3	12	0	0	0	0	0	0	0	0	0	0
3	13	0	0	0	0	0	0	0	0	0	0
3	14	0	0	0	0	0	0	0	0	0	0
3	15	0	0	0	0	0	0	0	0	0	0
3	16	0	0	0	0	0	1	0	0	0	0
3	17	0	0	0	0	0	0	0	0	0	0
3	18	0	0	0	0	0	0	0	0	0	0
3	19	0	0	0	0	0	0	0	1	0	0
3	20	0	0	0	0	0	0	0	0	0	0
3	21	0	0	0	0	0	0	0	0	0	0
3	22	0	0	0	0	0	0	0	0	0	0
3	23	0	0	0	0	0	0	0	0	0	0
3	24	0	0	0	0	0	0	0	0	0	0
3	25	0	0	0	0	0	0	0	0	0	0
3	26	0	0	0	0	0	0	0	0	0	0
3	27	0	0	0	0	0	0	1	0	0	0
3	28	0	0	0	0	0	0	0	0	0	0
3	29	0	0	0	0	0	0	0	0	0	0
3	30	0	0	0	0	1	0	0	0	0	0
3	31	0	0	0	0	0	0	0	0	0	0
4	1	0	0	0	0	0	0	0	1	0	0
4	2	0	0	0	0	0	0	0	0	0	0
4	3	0	0	0	0	0	0	0	0	0	0
4	4	0	0	0	0	0	0	0	0	0	0
4	5	0	0	0	0	0	0	0	0	0	0
4	6	0	0	0	0	0	0	0	0	0	1
4	7	0	0	0	0	0	0	0	0	0	1
4	8	0	0	0	0	0	0	0	0	0	1
4	9	0	0	0	0	0	0	0	0	0	1
4	10	0	0	0	0	0	0	0	0	0	1
4	11	0	0	0	0	0	0	0	0	0	1
4	12	0	0	0	0	0	0	0	0	0	1
4	13	0	0	0	0	0	0	0	0	0	1
4	14	0	0	0	0	0	0	0	0	0	1
4	15	0	0	0	0	0	1	0	1	0	1
4	16	0	0	0	0	0	0	0	0	0	1
4	17	0	0	0	0	0	0	0	0	0	1
4	18	0	0	0	0	0	0	0	0	0	1
4	19	0	0	0	0	0	0	0	0	0	1
4	20	0	0	0	0	0	0	0	0	1	0
4	21	0	0	0	0	0	0	0	0	1	0
4	22	0	0	0	0	0	0	0	0	1	0
4	23	0	0	0	0	0	0	1	0	1	0
4	24	0	0	1	0	0	0	0	0	1	0
4	25	0	0	1	0	0	0	0	0	1	0
4	26	0	0	0	1	0	0	0	0	1	0
4	27	0	0	0	1	0	0	0	0	1	0
4	28	0	0	0	0	0	0	0	1	1	0
4	29	1	0	0	0	1	0	0	0	1	0
4	30	0	1	0	0	0	0	0	0	1	0
5	1	0	1	0	0	0	0	0	0	1	0
5	2	0	1	0	0	0	0	0	0	1	0
5	3	0	0	1	0	0	0	0	0	0	1
5	4	0	0	1	0	0	0	0	0	0	1
5	5	0	0	0	1	0	0	0	0	0	1
5	6	0	0	0	1	0	0	0	0	0	1
5	7	1	0	0	0	0	0	0	0	0	1
5	8	1	0	0	0	0	0	0	0	0	1
5	9	1	0	0	0	0	0	0	0	0	1
5	10	0	1	0	0	0	0	0	0	0	1
5	11	0	1	0	0	0	0	0	0	0	1
5	12	0	1	0	0	0	0	0	0	0	1
5	13	0	0	0	0	0	0	0	1	0	1
5	14	0	0	1	0	0	1	0	0	0	1
5	15	0	0	0	1	0	0	0	0	0	1
5	16	0	0	0	1	0	0	0	0	0	1
5	17	1	0	0	0	0	0	0	0	1	0
5	18	0	0	0	0	0	0	1	0	1	0
5	19	0	1	0	0	0	0	0	0	1	0
5	20	0	1	0	0	0	0	0	0	1	0
5	21	0	0	1	0	0	0	0	0	1	0
5	22	0	0	1	0	0	0	0	0	1	0
5	23	0	0	0	1	0	0	0	0	1	0
5	24	0	0	0	1	0	0	0	0	1	0
5	25	0	0	0	1	0	0	0	1	1	0
5	26	1	0	0	0	0	0	0	0	1	0
5	27	1	0	0	0	0	0	0	0	1	0
5	28	0	1	0	0	1	0	0	0	1	0
5	29	0	1	0	0	0	0	0	0	1	0
5	30	0	1	0	0	0	0	0	0	1	0
5	31	0	0	1	0	0	0	0	0	0	1
6	1	0	0	1	0	0	0	0	0	0	1
6	2	0	0	0	1	0	0	0	0	0	1
6	3	0	0	0	1	0	0	0	0	0	1
6	4	1	0	0	0	0	0	0	0	0	1
6	5	1	0	0	0	0	0	0	0	0	1
6	6	0	0	0	0	0	0	0	0	0	1
6	7	0	1	0	0	0	0	0	0	0	1
6	8	0	1	0	0	0	0	0	0	0	1
6	9	0	0	0	0	0	0	0	1	0	1
6	10	0	0	1	0	0	0	0	0	0	1
6	11	0	0	1	0	0	0	0	0	0	1
6	12	0	0	0	1	0	0	0	0	0	1
6	13	0	0	0	1	0	1	0	0	0	1
6	14	1	0	0	0	0	0	0	0	1	0
6	15	0	0	0	0	0	0	1	0	1	0
6	16	0	1	0	0	0	0	0	0	1	0
6	17	0	1	0	0	0	0	0	0	1	0
6	18	0	0	1	0	0	0	0	0	1	0
6	19	0	0	0	1	0	0	0	0	1	0
6	20	0	0	0	1	0	0	0	0	1	0
6	21	0	0	0	1	0	0	0	0	1	0
6	22	1	0	0	0	0	0	0	1	1	0
6	23	1	0	0	0	0	0	0	0	1	0
6	24	0	1	0	0	0	0	0	0	1	0
6	25	0	1	0	0	0	0	0	0	1	0
6	26	0	1	0	0	0	0	0	0	1	0
6	27	0	0	1	0	1	0	0	0	0	1
6	28	0	0	1	0	0	0	0	0	0	1
6	29	0	0	0	1	0	0	0	0	0	1
6	30	0	0	0	1	0	0	0	0	0	1
7	1	1	0	0	0	0	0	0	0	0	1
7	2	1	0	0	0	0	0	0	0	0	1
7	3	1	0	0	0	0	0	0	0	0	1
7	4	0	1	0	0	0	0	0	0	0	1
7	5	0	1	0	0	0	0	0	0	0	1
7	6	0	0	0	0	0	0	0	1	0	1
7	7	0	1	0	0	0	0	0	0	0	1
7	8	0	0	1	0	0	0	0	0	0	1
7	9	0	0	0	1	0	0	0	0	0	1
7	10	0	0	0	1	0	0	0	0	0	1
7	11	1	0	0	0	0	0	0	0	1	0
7	12	1	0	0	0	0	1	0	0	1	0
7	13	0	0	0	0	0	0	1	0	1	0
7	14	0	1	0	0	0	0	0	0	1	0
7	15	0	0	1	0	0	0	0	0	1	0
7	16	0	0	1	0	0	0	0	0	1	0
7	17	0	0	0	1	0	0	0	0	1	0
7	18	0	0	0	1	0	0	0	1	1	0
7	19	1	0	0	0	0	0	0	0	1	0
7	20	1	0	0	0	0	0	0	0	1	0
7	21	0	1	0	0	0	0	0	0	1	0
7	22	0	1	0	0	0	0	0	0	1	0
7	23	0	1	0	0	0	0	0	0	1	0
7	24	0	0	1	0	0	0	0	0	0	1
7	25	0	0	1	0	0	0	0	0	0	1
7	26	0	0	0	1	0	0	0	0	0	1
7	27	0	0	0	1	1	0	0	0	0	1
7	28	1	0	0	0	0	0	0	0	0	1
7	29	1	0	0	0	0	0	0	0	0	1
7	30	1	0	0	0	0	0	0	0	0	1
7	31	0	1	0	0	0	0	0	0	0	1
8	1	0	1	0	0	0	0	0	0	0	1
8	2	0	0	0	0	0	0	0	1	0	1
8	3	0	1	0	0	0	0	0	0	0	1
8	4	0	0	1	0	0	0	0	0	0	1
8	5	0	0	0	1	0	0	0	0	0	1
8	6	0	0	0	1	0	0	0	0	0	1
8	7	0	0	0	1	0	0	0	0	1	0
8	8	1	0	0	0	0	0	0	0	1	0
8	9	1	0	0	0	0	0	0	0	1	0
8	10	0	1	0	0	0	1	1	0	1	0
8	11	0	0	1	0	0	0	0	0	1	0
8	12	0	0	1	0	0	0	0	0	1	0
8	13	0	0	0	1	0	0	0	0	1	0
8	14	0	0	0	1	0	0	0	1	1	0
8	15	0	0	0	1	0	0	0	0	1	0
8	16	1	0	0	0	0	0	0	0	1	0
8	17	0	1	0	0	0	0	0	0	1	0
8	18	0	1	0	0	0	0	0	0	1	0
8	19	0	1	0	0	0	0	0	0	1	0
8	20	0	0	1	0	0	0	0	0	1	0
8	21	0	0	1	0	0	0	0	0	0	1
8	22	0	0	1	0	0	0	0	0	0	1
8	23	0	0	0	1	0	0	0	0	0	1
8	24	0	0	0	0	0	0	0	0	0	1
8	25	1	0	0	0	1	0	0	0	0	1
8	26	1	0	0	0	0	0	0	0	0	1
8	27	0	1	0	0	0	0	0	0	0	1
8	28	0	1	0	0	0	0	0	0	0	1
8	29	0	0	0	0	0	0	0	1	0	1
8	30	0	1	0	0	0	0	0	0	0	1
8	31	0	0	1	0	0	0	0	0	0	1
9	1	0	0	1	0	0	0	0	0	0	1
9	2	0	0	0	1	0	0	0	0	0	1
9	3	0	0	0	1	0	0	0	0	0	1
9	4	1	0	0	0	0	0	0	0	1	0
9	5	1	0	0	0	0	0	0	0	1	0
9	6	0	1	0	0	0	0	0	0	1	0
9	7	0	0	0	0	0	0	0	0	1	0
9	8	0	0	0	0	0	0	1	0	1	0
9	9	0	0	0	1	0	1	0	0	1	0
9	10	0	0	0	1	0	0	0	0	1	0
9	11	0	0	0	0	0	0	0	1	1	0
9	12	1	0	0	0	0	0	0	0	1	0
9	13	1	0	0	0	0	0	0	0	1	0
9	14	0	1	0	0	0	0	0	0	1	0
9	15	0	1	0	0	0	0	0	0	1	0
9	16	0	1	0	0	0	0	0	0	1	0
9	17	0	0	1	0	0	0	0	0	0	1
9	18	0	0	1	0	0	0	0	0	0	1
9	19	0	0	0	1	0	0	0	0	0	1
9	20	0	0	0	1	0	0	0	0	0	1
9	21	1	0	0	0	0	0	0	0	0	1
9	22	1	0	0	0	0	0	0	0	0	1
9	23	1	0	0	0	0	0	0	0	0	1
9	24	0	1	0	0	1	0	0	0	0	1
9	25	0	0	0	0	0	0	0	1	0	1
9	26	0	1	0	0	0	0	0	0	0	1
9	27	0	0	1	0	0	0	0	0	0	1
9	28	0	0	1	0	0	0	0	0	0	1
9	29	0	0	0	1	0	0	0	0	0	1
9	30	0	0	0	1	0	0	0	0	0	1
10	1	1	0	0	0	0	0	0	0	1	0
10	2	1	0	0	0	0	0	0	0	1	0
10	3	0	1	0	0	0	0	0	0	1	0
10	4	0	1	0	0	0	0	0	0	1	0
10	5	0	0	1	0	0	0	0	0	1	0
10	6	0	0	0	0	0	0	1	0	1	0
10	7	0	0	0	1	0	0	0	0	1	0
10	8	0	0	0	0	0	1	0	1	1	0
10	9	0	0	0	1	0	0	0	0	1	0
10	10	1	0	0	0	0	0	0	0	1	0
10	11	0	1	0	0	0	0	0	0	1	0
10	12	0	1	0	0	0	0	0	0	1	0
10	13	0	1	0	0	0	0	0	0	1	0
10	14	0	0	1	0	0	0	0	0	0	1
10	15	0	0	1	0	0	0	0	0	0	1
10	16	0	0	0	1	0	0	0	0	0	1
10	17	0	0	0	1	0	0	0	0	0	1
10	18	1	0	0	0	0	0	0	0	0	1
10	19	1	0	0	0	0	0	0	0	0	1
10	20	1	0	0	0	0	0	0	0	0	1
10	21	0	1	0	0	0	0	0	0	0	1
10	22	0	1	0	0	0	0	0	0	0	1
10	23	0	1	0	0	1	0	0	1	0	1
10	24	0	1	0	0	0	0	0	0	0	1
10	25	0	0	1	0	0	0	0	0	0	1
10	26	0	0	0	1	0	0	0	0	0	1
10	27	0	0	0	1	0	0	0	0	1	0
10	28	1	0	0	0	0	0	0	0	1	0
10	29	1	0	0	0	0	0	0	0	1	0
10	30	1	0	0	0	0	0	0	0	1	0
10	31	0	1	0	0	0	0	0	0	1	0
11	1	0	0	1	0	0	0	0	0	1	0
11	2	0	0	1	0	0	0	0	0	1	0
11	3	0	0	0	1	0	0	1	0	1	0
11	4	0	0	0	1	0	0	0	0	1	0
11	5	0	0	0	1	0	0	0	1	1	0
11	6	1	0	0	0	0	1	0	0	1	0
11	7	1	0	0	0	0	0	0	0	1	0
11	8	0	1	0	0	0	0	0	0	1	0
11	9	0	1	0	0	0	0	0	0	1	0
11	10	0	0	1	0	0	0	0	0	0	1
11	11	0	0	1	0	0	0	0	0	0	1
11	12	0	0	1	0	0	0	0	0	0	1
11	13	0	0	0	1	0	0	0	0	0	1
11	14	1	0	0	0	0	0	0	0	0	1
11	15	1	0	0	0	0	0	0	0	0	1
11	16	1	0	0	0	0	0	0	0	0	1
11	17	0	1	0	0	0	0	0	0	0	1
11	18	0	1	0	0	0	0	0	0	0	1
11	19	0	1	0	0	0	0	0	1	0	1
11	20	0	1	0	0	0	0	0	0	0	1
11	21	0	0	1	0	0	0	0	0	0	1
11	22	0	0	0	1	1	0	0	0	0	1
11	23	0	0	0	1	0	0	0	0	0	1
11	24	0	0	0	1	0	0	0	0	1	0
11	25	1	0	0	0	0	0	0	0	1	0
11	26	1	0	0	0	0	0	0	0	1	0
11	27	0	1	0	0	0	0	0	0	1	0
11	28	0	0	0	0	0	0	1	0	1	0
11	29	0	0	1	0	0	0	0	0	1	0
11	30	0	0	0	1	0	0	0	0	1	0
12	1	0	0	0	1	0	0	0	0	1	0
12	2	0	0	0	1	0	0	0	1	1	0
12	3	1	0	0	0	0	0	0	0	1	0
12	4	1	0	0	0	0	0	0	0	1	0
12	5	0	1	0	0	0	0	0	0	1	0
12	6	0	1	0	0	0	1	0	0	1	0
12	7	0	1	0	0	0	0	0	0	1	0
12	8	0	0	1	0	0	0	0	0	0	1
12	9	0	0	1	0	0	0	0	0	0	1
12	10	0	0	0	1	0	0	0	0	0	1
12	11	0	0	0	1	0	0	0	0	0	1
12	12	1	0	0	0	0	0	0	0	0	1
12	13	1	0	0	0	0	0	0	0	0	1
12	14	1	0	0	0	0	0	0	0	0	1
12	15	0	1	0	0	0	0	0	0	0	1
12	16	0	0	0	0	0	0	0	1	0	1
12	17	0	1	0	0	0	0	0	0	0	1
12	18	0	0	1	0	0	0	0	0	0	1
12	19	0	0	1	0	0	0	0	0	0	1
12	20	0	0	0	1	0	0	0	0	0	1
12	21	0	0	0	1	0	0	0	0	1	0
12	22	1	0	0	0	1	0	0	0	1	0
12	23	1	0	0	0	0	0	0	0	1	0
12	24	0	0	0	0	0	0	1	0	1	0
12	25	0	1	0	0	0	0	0	0	1	0
12	26	0	0	1	0	0	0	0	0	1	0
12	27	0	0	1	0	0	0	0	0	1	0
12	28	0	0	0	1	0	0	0	0	1	0
12	29	0	0	0	0	0	0	0	1	1	0
12	30	1	0	0	0	0	0	0	0	1	0
12	31	1	0	0	0	0	0	0	0	1	0
