00006
00000000000000000000000000000000000000000000000000000
07200999000000000000000000000000000000000000000000000
21600999220000000000000000000000000000000000000000000
54900000999999999400400000000000000000000000000000000
55200000999999999400400000000000000000000000000000000
55500000999999999400400000000000000000000000000000000
55800000999999999400400000000000000000000000000000000
56100000999999240400400000000000000000000000000000000
56400000999999999400400000000000000000000000000000000
56700000999999999400400000000000000000000000000000000
57000000999999999400400000000000000000000000000000000
57300000999999999400400000000000000000000000000000000
57600000999999999400400000000000000000000000000000000
57900000999999240400400000000000000000000000000000000
58200000999999999400400000000000000000000000000000000
58500000999999999400400000000000000000000000000000000
58800000999999999400400000000000000000000000000000000
59100000999999999400400000000000000000000000000000000
59400000999999999400400000000000000000000000000000000
59700000999999240400400000000000000000000000000000000
60000000999999999400400000000000000000000000000000000
60300000999999999400400000000000000000000000000000000
60600000999999999400400000000000000000000000000000000
60900000999999999400400000000000000000000000000000000
72000000000000000000000000000000000000000000000000000
86399000000000000000000000000000000000000000000000000
